Part 1: 
INPUT SIZE: 10091
5, 11
10, 9
15, 5
20, 6
25, 9
30, 9
35, 6
40, 6
45, 6
50, 11
55, 8
60, 8
65, 7
70, 11
75, 6
80, 7
85, 8
90, 5
95, 8
100, 8
105, 7
110, 7
115, 11
120, 7
125, 9
130, 11
135, 3
140, 12
145, 7
150, 5
155, 8
160, 3
165, 7
170, 7
175, 6
180, 6
185, 9
190, 9
195, 9
200, 8
205, 7
210, 6
215, 6
220, 6
225, 6
230, 6
235, 7
240, 9
245, 12
250, 11
255, 8
260, 9
265, 6
270, 5
275, 8
280, 7
285, 9
290, 12
295, 6
300, 8
305, 5
310, 7
315, 6
320, 4
325, 10
330, 11
335, 7
340, 10
345, 6
350, 8
355, 7
360, 8
365, 7
370, 6
375, 8
380, 8
385, 5
390, 6
395, 11
400, 13
405, 2
410, 8
415, 7
420, 8
425, 6
430, 7
435, 7
440, 12
445, 10
450, 8
455, 9
460, 8
465, 8
470, 6
475, 7
480, 9
485, 10
490, 5
495, 8
500, 8
505, 6
510, 6
515, 7
520, 6
525, 9
530, 7
535, 6
540, 5
545, 10
550, 5
555, 8
560, 3
565, 8
570, 6
575, 8
580, 6
585, 9
590, 8
595, 7
600, 8
605, 11
610, 7
615, 8
620, 6
625, 8
630, 7
635, 8
640, 8
645, 7
650, 10
655, 9
660, 11
665, 5
670, 10
675, 6
680, 8
685, 9
690, 4
695, 8
700, 6
705, 6
710, 6
715, 5
720, 7
725, 8
730, 6
735, 5
740, 7
745, 9
750, 7
755, 8
760, 7
765, 7
770, 7
775, 9
780, 5
785, 7
790, 7
795, 6
800, 5
805, 9
810, 7
815, 10
820, 8
825, 5
830, 11
835, 9
840, 3
845, 8
850, 11
855, 11
860, 9
865, 6
870, 11
875, 4
880, 8
885, 7
890, 11
895, 8
900, 6
905, 11
910, 9
915, 9
920, 6
925, 11
930, 6
935, 6
940, 7
945, 8
950, 7
955, 5
960, 6
965, 7
970, 6
975, 4
980, 6
985, 7
990, 4
995, 11
1000, 3
1005, 7
1010, 8
1015, 5
1020, 9
1025, 9
1030, 4
1035, 11
1040, 6
1045, 7
1050, 6
1055, 9
1060, 9
1065, 12
1070, 5
1075, 9
1080, 7
1085, 8
1090, 8
1095, 7
1100, 7
1105, 8
1110, 8
1115, 11
1120, 6
1125, 5
1130, 9
1135, 9
1140, 11
1145, 5
1150, 10
1155, 7
1160, 7
1165, 8
1170, 6
1175, 7
1180, 11
1185, 6
1190, 9
1195, 8
1200, 7
1205, 5
1210, 8
1215, 7
1220, 7
1225, 6
1230, 9
1235, 7
1240, 6
1245, 9
1250, 6
1255, 8
1260, 7
1265, 4
1270, 8
1275, 9
1280, 13
1285, 11
1290, 6
1295, 6
1300, 12
1305, 8
1310, 9
1315, 8
1320, 7
1325, 8
1330, 7
1335, 9
1340, 12
1345, 9
1350, 8
1355, 8
1360, 11
1365, 9
1370, 3
1375, 5
1380, 7
1385, 8
1390, 9
1395, 8
1400, 7
1405, 8
1410, 7
1415, 4
1420, 6
1425, 6
1430, 5
1435, 7
1440, 7
1445, 5
1450, 7
1455, 8
1460, 9
1465, 6
1470, 7
1475, 7
1480, 11
1485, 7
1490, 7
1495, 10
1500, 11
1505, 7
1510, 10
1515, 7
1520, 5
1525, 6
1530, 8
1535, 8
1540, 7
1545, 11
1550, 7
1555, 6
1560, 8
1565, 6
1570, 8
1575, 9
1580, 5
1585, 8
1590, 7
1595, 6
1600, 7
1605, 8
1610, 7
1615, 9
1620, 7
1625, 7
1630, 8
1635, 11
1640, 11
1645, 6
1650, 3
1655, 8
1660, 10
1665, 7
1670, 8
1675, 9
1680, 7
1685, 8
1690, 12
1695, 7
1700, 9
1705, 6
1710, 7
1715, 11
1720, 11
1725, 10
1730, 5
1735, 7
1740, 7
1745, 10
1750, 8
1755, 8
1760, 9
1765, 11
1770, 7
1775, 7
1780, 7
1785, 6
1790, 10
1795, 3
1800, 9
1805, 8
1810, 6
1815, 7
1820, 7
1825, 7
1830, 10
1835, 13
1840, 7
1845, 9
1850, 8
1855, 10
1860, 10
1865, 4
1870, 6
1875, 4
1880, 7
1885, 7
1890, 12
1895, 9
1900, 6
1905, 8
1910, 7
1915, 12
1920, 7
1925, 11
1930, 9
1935, 8
1940, 5
1945, 10
1950, 4
1955, 7
1960, 5
1965, 8
1970, 8
1975, 9
1980, 5
1985, 10
1990, 8
1995, 7
2000, 11
2005, 10
2010, 10
2015, 6
2020, 8
2025, 10
2030, 9
2035, 7
2040, 9
2045, 4
2050, 8
2055, 10
2060, 7
2065, 8
2070, 7
2075, 9
2080, 9
2085, 10
2090, 7
2095, 6
2100, 9
2105, 1
2110, 9
2115, 11
2120, 7
2125, 8
2130, 5
2135, 4
2140, 8
2145, 9
2150, 5
2155, 8
2160, 9
2165, 10
2170, 7
2175, 10
2180, 6
2185, 8
2190, 6
2195, 5
2200, 7
2205, 6
2210, 9
2215, 11
2220, 11
2225, 11
2230, 8
2235, 9
2240, 9
2245, 7
2250, 5
2255, 10
2260, 8
2265, 9
2270, 7
2275, 10
2280, 3
2285, 9
2290, 6
2295, 6
2300, 11
2305, 7
2310, 5
2315, 8
2320, 9
2325, 6
2330, 8
2335, 7
2340, 8
2345, 8
2350, 7
2355, 10
2360, 9
2365, 11
2370, 5
2375, 10
2380, 6
2385, 8
2390, 9
2395, 4
2400, 8
2405, 6
2410, 6
2415, 6
2420, 5
2425, 7
2430, 8
2435, 6
2440, 5
2445, 7
2450, 9
2455, 7
2460, 8
2465, 7
2470, 7
2475, 7
2480, 9
2485, 5
2490, 7
2495, 7
2500, 6
2505, 5
2510, 9
2515, 7
2520, 10
2525, 8
2530, 5
2535, 11
2540, 9
2545, 3
2550, 8
2555, 11
2560, 11
2565, 9
2570, 6
2575, 11
2580, 4
2585, 8
2590, 7
2595, 11
2600, 8
2605, 6
2610, 11
2615, 9
2620, 9
2625, 6
2630, 11
2635, 6
2640, 6
2645, 7
2650, 8
2655, 7
2660, 5
2665, 6
2670, 7
2675, 6
2680, 4
2685, 6
2690, 7
2695, 4
2700, 11
2705, 3
2710, 7
2715, 8
2720, 5
2725, 9
2730, 9
2735, 4
2740, 11
2745, 6
2750, 7
2755, 6
2760, 9
2765, 9
2770, 12
2775, 5
2780, 9
2785, 7
2790, 8
2795, 8
2800, 7
2805, 7
2810, 8
2815, 8
2820, 11
2825, 6
2830, 5
2835, 9
2840, 9
2845, 11
2850, 5
2855, 10
2860, 7
2865, 7
2870, 8
2875, 6
2880, 7
2885, 11
2890, 6
2895, 9
2900, 8
2905, 7
2910, 5
2915, 8
2920, 7
2925, 7
2930, 6
2935, 9
2940, 7
2945, 6
2950, 9
2955, 6
2960, 8
2965, 7
2970, 4
2975, 8
2980, 9
2985, 13
2990, 11
2995, 6
3000, 6
3005, 12
3010, 8
3015, 9
3020, 8
3025, 7
3030, 8
3035, 7
3040, 9
3045, 12
3050, 9
3055, 8
3060, 8
3065, 11
3070, 9
3075, 3
3080, 5
3085, 7
3090, 8
3095, 9
3100, 8
3105, 7
3110, 8
3115, 7
3120, 4
3125, 6
3130, 6
3135, 5
3140, 7
3145, 7
3150, 5
3155, 7
3160, 8
3165, 9
3170, 6
3175, 7
3180, 7
3185, 11
3190, 7
3195, 7
3200, 10
3205, 11
3210, 7
3215, 10
3220, 7
3225, 5
3230, 6
3235, 8
3240, 8
3245, 7
3250, 11
3255, 7
3260, 6
3265, 8
3270, 6
3275, 8
3280, 9
3285, 5
3290, 8
3295, 7
3300, 6
3305, 7
3310, 8
3315, 7
3320, 9
3325, 7
3330, 7
3335, 8
3340, 11
3345, 11
3350, 6
3355, 3
3360, 8
3365, 10
3370, 7
3375, 8
3380, 9
3385, 7
3390, 8
3395, 12
3400, 7
3405, 9
3410, 6
3415, 7
3420, 11
3425, 11
3430, 10
3435, 5
3440, 7
3445, 7
3450, 10
3455, 8
3460, 8
3465, 9
3470, 11
3475, 7
3480, 7
3485, 7
3490, 6
3495, 10
3500, 3
3505, 9
3510, 8
3515, 6
3520, 7
3525, 7
3530, 7
3535, 10
3540, 13
3545, 7
3550, 9
3555, 8
3560, 10
3565, 10
3570, 4
3575, 6
3580, 4
3585, 7
3590, 7
3595, 12
3600, 9
3605, 6
3610, 8
3615, 7
3620, 12
3625, 7
3630, 11
3635, 9
3640, 8
3645, 5
3650, 10
3655, 4
3660, 7
3665, 5
3670, 8
3675, 8
3680, 9
3685, 5
3690, 10
3695, 8
3700, 7
3705, 11
3710, 10
3715, 10
3720, 6
3725, 8
3730, 10
3735, 9
3740, 7
3745, 9
3750, 4
3755, 8
3760, 10
3765, 7
3770, 8
3775, 7
3780, 9
3785, 9
3790, 10
3795, 7
3800, 6
3805, 9
3810, 1
3815, 9
3820, 11
3825, 7
3830, 8
3835, 5
3840, 4
3845, 8
3850, 9
3855, 5
3860, 8
3865, 9
3870, 10
3875, 7
3880, 10
3885, 6
3890, 8
3895, 6
3900, 5
3905, 7
3910, 6
3915, 9
3920, 11
3925, 11
3930, 11
3935, 8
3940, 9
3945, 9
3950, 7
3955, 5
3960, 10
3965, 8
3970, 9
3975, 7
3980, 10
3985, 3
3990, 9
3995, 6
4000, 6
4005, 11
4010, 7
4015, 5
4020, 8
4025, 9
4030, 6
4035, 8
4040, 7
4045, 8
4050, 8
4055, 7
4060, 10
4065, 9
4070, 11
4075, 5
4080, 10
4085, 6
4090, 8
4095, 9
4100, 4
4105, 8
4110, 6
4115, 6
4120, 6
4125, 5
4130, 7
4135, 8
4140, 6
4145, 5
4150, 7
4155, 9
4160, 7
4165, 8
4170, 7
4175, 7
4180, 7
4185, 9
4190, 5
4195, 7
4200, 7
4205, 6
4210, 5
4215, 9
4220, 7
4225, 10
4230, 8
4235, 5
4240, 11
4245, 9
4250, 3
4255, 8
4260, 11
4265, 11
4270, 9
4275, 6
4280, 11
4285, 4
4290, 8
4295, 7
4300, 11
4305, 8
4310, 6
4315, 11
4320, 9
4325, 9
4330, 6
4335, 11
4340, 6
4345, 6
4350, 7
4355, 8
4360, 7
4365, 5
4370, 6
4375, 7
4380, 6
4385, 4
4390, 6
4395, 7
4400, 4
4405, 11
4410, 3
4415, 7
4420, 8
4425, 5
4430, 9
4435, 9
4440, 4
4445, 11
4450, 6
4455, 7
4460, 6
4465, 9
4470, 9
4475, 12
4480, 5
4485, 9
4490, 7
4495, 8
4500, 8
4505, 7
4510, 7
4515, 8
4520, 8
4525, 11
4530, 6
4535, 5
4540, 9
4545, 9
4550, 11
4555, 5
4560, 10
4565, 7
4570, 7
4575, 8
4580, 6
4585, 7
4590, 11
4595, 6
4600, 9
4605, 8
4610, 7
4615, 5
4620, 8
4625, 7
4630, 7
4635, 6
4640, 9
4645, 7
4650, 6
4655, 9
4660, 6
4665, 8
4670, 7
4675, 4
4680, 8
4685, 9
4690, 13
4695, 11
4700, 6
4705, 6
4710, 12
4715, 8
4720, 9
4725, 8
4730, 7
4735, 8
4740, 7
4745, 9
4750, 12
4755, 9
4760, 8
4765, 8
4770, 11
4775, 9
4780, 3
4785, 5
4790, 7
4795, 8
4800, 9
4805, 8
4810, 7
4815, 8
4820, 7
4825, 4
4830, 6
4835, 6
4840, 5
4845, 7
4850, 7
4855, 5
4860, 7
4865, 8
4870, 9
4875, 6
4880, 7
4885, 7
4890, 11
4895, 7
4900, 7
4905, 10
4910, 11
4915, 7
4920, 10
4925, 7
4930, 5
4935, 6
4940, 8
4945, 8
4950, 7
4955, 11
4960, 7
4965, 6
4970, 8
4975, 6
4980, 8
4985, 9
4990, 5
4995, 8
5000, 7
5005, 6
5010, 7
5015, 8
5020, 7
5025, 9
5030, 7
5035, 7
5040, 8
5045, 11
5050, 11
5055, 6
5060, 3
5065, 8
5070, 10
5075, 7
5080, 8
5085, 9
5090, 7
5095, 8
5100, 12
5105, 7
5110, 9
5115, 6
5120, 7
5125, 11
5130, 11
5135, 10
5140, 5
5145, 7
5150, 7
5155, 10
5160, 8
5165, 8
5170, 9
5175, 11
5180, 7
5185, 7
5190, 7
5195, 6
5200, 10
5205, 3
5210, 9
5215, 8
5220, 6
5225, 7
5230, 7
5235, 7
5240, 10
5245, 13
5250, 7
5255, 9
5260, 8
5265, 10
5270, 10
5275, 4
5280, 6
5285, 4
5290, 7
5295, 7
5300, 12
5305, 9
5310, 6
5315, 8
5320, 7
5325, 12
5330, 7
5335, 11
5340, 9
5345, 8
5350, 5
5355, 10
5360, 4
5365, 7
5370, 5
5375, 8
5380, 8
5385, 9
5390, 5
5395, 10
5400, 8
5405, 7
5410, 11
5415, 10
5420, 10
5425, 6
5430, 8
5435, 10
5440, 9
5445, 7
5450, 9
5455, 4
5460, 8
5465, 10
5470, 7
5475, 8
5480, 7
5485, 9
5490, 9
5495, 10
5500, 7
5505, 6
5510, 9
5515, 1
5520, 9
5525, 11
5530, 7
5535, 8
5540, 5
5545, 4
5550, 8
5555, 9
5560, 5
5565, 8
5570, 9
5575, 10
5580, 7
5585, 10
5590, 6
5595, 8
5600, 6
5605, 5
5610, 7
5615, 6
5620, 9
5625, 11
5630, 11
5635, 11
5640, 8
5645, 9
5650, 9
5655, 7
5660, 5
5665, 10
5670, 8
5675, 9
5680, 7
5685, 10
5690, 3
5695, 9
5700, 6
5705, 6
5710, 11
5715, 7
5720, 5
5725, 8
5730, 9
5735, 6
5740, 8
5745, 7
5750, 8
5755, 8
5760, 7
5765, 10
5770, 9
5775, 11
5780, 5
5785, 10
5790, 6
5795, 8
5800, 9
5805, 4
5810, 8
5815, 6
5820, 6
5825, 6
5830, 5
5835, 7
5840, 8
5845, 6
5850, 5
5855, 7
5860, 9
5865, 7
5870, 8
5875, 7
5880, 7
5885, 7
5890, 9
5895, 5
5900, 7
5905, 7
5910, 6
5915, 5
5920, 9
5925, 7
5930, 10
5935, 8
5940, 5
5945, 11
5950, 9
5955, 3
5960, 8
5965, 11
5970, 11
5975, 9
5980, 6
5985, 11
5990, 4
5995, 8
6000, 7
6005, 11
6010, 8
6015, 6
6020, 11
6025, 9
6030, 9
6035, 6
6040, 11
6045, 6
6050, 6
6055, 7
6060, 8
6065, 7
6070, 5
6075, 6
6080, 7
6085, 6
6090, 4
6095, 6
6100, 7
6105, 4
6110, 11
6115, 3
6120, 7
6125, 8
6130, 5
6135, 9
6140, 9
6145, 4
6150, 11
6155, 6
6160, 7
6165, 6
6170, 9
6175, 9
6180, 12
6185, 5
6190, 9
6195, 7
6200, 8
6205, 8
6210, 7
6215, 7
6220, 8
6225, 8
6230, 11
6235, 6
6240, 5
6245, 9
6250, 9
6255, 11
6260, 5
6265, 10
6270, 7
6275, 7
6280, 8
6285, 6
6290, 7
6295, 11
6300, 6
6305, 9
6310, 8
6315, 7
6320, 5
6325, 8
6330, 7
6335, 7
6340, 6
6345, 9
6350, 7
6355, 6
6360, 9
6365, 6
6370, 8
6375, 7
6380, 4
6385, 8
6390, 9
6395, 13
6400, 11
6405, 6
6410, 6
6415, 12
6420, 8
6425, 9
6430, 8
6435, 7
6440, 8
6445, 7
6450, 9
6455, 12
6460, 9
6465, 8
6470, 8
6475, 11
6480, 9
6485, 3
6490, 5
6495, 7
6500, 8
6505, 9
6510, 8
6515, 7
6520, 8
6525, 7
6530, 4
6535, 6
6540, 6
6545, 5
6550, 7
6555, 7
6560, 5
6565, 7
6570, 8
6575, 9
6580, 6
6585, 7
6590, 7
6595, 11
6600, 7
6605, 7
6610, 10
6615, 11
6620, 7
6625, 10
6630, 7
6635, 5
6640, 6
6645, 8
6650, 8
6655, 7
6660, 11
6665, 7
6670, 6
6675, 8
6680, 6
6685, 8
6690, 9
6695, 5
6700, 8
6705, 7
6710, 6
6715, 7
6720, 8
6725, 7
6730, 9
6735, 7
6740, 7
6745, 8
6750, 11
6755, 11
6760, 6
6765, 3
6770, 8
6775, 10
6780, 7
6785, 8
6790, 9
6795, 7
6800, 8
6805, 12
6810, 7
6815, 9
6820, 6
6825, 7
6830, 11
6835, 11
6840, 10
6845, 5
6850, 7
6855, 7
6860, 10
6865, 8
6870, 8
6875, 9
6880, 11
6885, 7
6890, 7
6895, 7
6900, 6
6905, 10
6910, 3
6915, 9
6920, 8
6925, 6
6930, 7
6935, 7
6940, 7
6945, 10
6950, 13
6955, 7
6960, 9
6965, 8
6970, 10
6975, 10
6980, 4
6985, 6
6990, 4
6995, 7
7000, 7
7005, 12
7010, 9
7015, 6
7020, 8
7025, 7
7030, 12
7035, 7
7040, 11
7045, 9
7050, 8
7055, 5
7060, 10
7065, 4
7070, 7
7075, 5
7080, 8
7085, 8
7090, 9
7095, 5
7100, 10
7105, 8
7110, 7
7115, 11
7120, 10
7125, 10
7130, 6
7135, 8
7140, 10
7145, 9
7150, 7
7155, 9
7160, 4
7165, 8
7170, 10
7175, 7
7180, 8
7185, 7
7190, 9
7195, 9
7200, 10
7205, 7
7210, 6
7215, 9
7220, 1
7225, 9
7230, 11
7235, 7
7240, 8
7245, 5
7250, 4
7255, 8
7260, 9
7265, 5
7270, 8
7275, 9
7280, 10
7285, 7
7290, 10
7295, 6
7300, 8
7305, 6
7310, 5
7315, 7
7320, 6
7325, 9
7330, 11
7335, 11
7340, 11
7345, 8
7350, 9
7355, 9
7360, 7
7365, 5
7370, 10
7375, 8
7380, 9
7385, 7
7390, 10
7395, 3
7400, 9
7405, 6
7410, 6
7415, 11
7420, 7
7425, 5
7430, 8
7435, 9
7440, 6
7445, 8
7450, 7
7455, 8
7460, 8
7465, 7
7470, 10
7475, 9
7480, 11
7485, 5
7490, 10
7495, 6
7500, 8
7505, 9
7510, 4
7515, 8
7520, 6
7525, 6
7530, 6
7535, 5
7540, 7
7545, 8
7550, 6
7555, 5
7560, 7
7565, 9
7570, 7
7575, 8
7580, 7
7585, 7
7590, 7
7595, 9
7600, 5
7605, 7
7610, 7
7615, 6
7620, 5
7625, 9
7630, 7
7635, 10
7640, 8
7645, 5
7650, 11
7655, 9
7660, 3
7665, 8
7670, 11
7675, 11
7680, 9
7685, 6
7690, 11
7695, 4
7700, 8
7705, 7
7710, 11
7715, 8
7720, 6
7725, 11
7730, 9
7735, 9
7740, 6
7745, 11
7750, 6
7755, 6
7760, 7
7765, 8
7770, 7
7775, 5
7780, 6
7785, 7
7790, 6
7795, 4
7800, 6
7805, 7
7810, 4
7815, 11
7820, 3
7825, 7
7830, 8
7835, 5
7840, 9
7845, 9
7850, 4
7855, 11
7860, 6
7865, 7
7870, 6
7875, 9
7880, 9
7885, 12
7890, 5
7895, 9
7900, 7
7905, 8
7910, 8
7915, 7
7920, 7
7925, 8
7930, 8
7935, 11
7940, 6
7945, 5
7950, 9
7955, 9
7960, 11
7965, 5
7970, 10
7975, 7
7980, 7
7985, 8
7990, 6
7995, 7
8000, 11
8005, 6
8010, 9
8015, 8
8020, 7
8025, 5
8030, 8
8035, 7
8040, 7
8045, 6
8050, 9
8055, 7
8060, 6
8065, 9
8070, 6
8075, 8
8080, 7
8085, 4
8090, 8
8095, 9
8100, 13
8105, 11
8110, 6
8115, 6
8120, 12
8125, 8
8130, 9
8135, 8
8140, 7
8145, 8
8150, 7
8155, 9
8160, 12
8165, 9
8170, 8
8175, 8
8180, 11
8185, 9
8190, 3
8195, 5
8200, 7
8205, 8
8210, 9
8215, 8
8220, 7
8225, 8
8230, 7
8235, 4
8240, 6
8245, 6
8250, 5
8255, 7
8260, 7
8265, 5
8270, 7
8275, 8
8280, 9
8285, 6
8290, 7
8295, 7
8300, 11
8305, 7
8310, 7
8315, 10
8320, 11
8325, 7
8330, 10
8335, 7
8340, 5
8345, 6
8350, 8
8355, 8
8360, 7
8365, 11
8370, 7
8375, 6
8380, 8
8385, 6
8390, 8
8395, 9
8400, 5
8405, 8
8410, 7
8415, 6
8420, 7
8425, 8
8430, 7
8435, 9
8440, 7
8445, 7
8450, 8
8455, 11
8460, 11
8465, 6
8470, 3
8475, 8
8480, 10
8485, 7
8490, 8
8495, 9
8500, 7
8505, 8
8510, 12
8515, 7
8520, 9
8525, 6
8530, 7
8535, 11
8540, 11
8545, 10
8550, 5
8555, 7
8560, 7
8565, 10
8570, 8
8575, 8
8580, 9
8585, 11
8590, 7
8595, 7
8600, 7
8605, 6
8610, 10
8615, 3
8620, 9
8625, 8
8630, 6
8635, 7
8640, 7
8645, 7
8650, 10
8655, 13
8660, 7
8665, 9
8670, 8
8675, 10
8680, 10
8685, 4
8690, 6
8695, 4
8700, 7
8705, 7
8710, 12
8715, 9
8720, 6
8725, 8
8730, 7
8735, 12
8740, 7
8745, 11
8750, 9
8755, 8
8760, 5
8765, 10
8770, 4
8775, 7
8780, 5
8785, 8
8790, 8
8795, 9
8800, 5
8805, 10
8810, 8
8815, 7
8820, 11
8825, 10
8830, 10
8835, 6
8840, 8
8845, 10
8850, 9
8855, 7
8860, 9
8865, 4
8870, 8
8875, 10
8880, 7
8885, 8
8890, 7
8895, 9
8900, 9
8905, 10
8910, 7
8915, 6
8920, 9
8925, 1
8930, 9
8935, 11
8940, 7
8945, 8
8950, 5
8955, 4
8960, 8
8965, 9
8970, 5
8975, 8
8980, 9
8985, 10
8990, 7
8995, 10
9000, 6
9005, 8
9010, 6
9015, 5
9020, 7
9025, 6
9030, 9
9035, 11
9040, 11
9045, 11
9050, 8
9055, 9
9060, 9
9065, 7
9070, 5
9075, 10
9080, 8
9085, 9
9090, 7
9095, 10
9100, 3
9105, 9
9110, 6
9115, 6
9120, 11
9125, 7
9130, 5
9135, 8
9140, 9
9145, 6
9150, 8
9155, 7
9160, 8
9165, 8
9170, 7
9175, 10
9180, 9
9185, 11
9190, 5
9195, 10
9200, 6
9205, 8
9210, 9
9215, 4
9220, 8
9225, 6
9230, 6
9235, 6
9240, 5
9245, 7
9250, 8
9255, 6
9260, 5
9265, 7
9270, 9
9275, 7
9280, 8
9285, 7
9290, 7
9295, 7
9300, 9
9305, 5
9310, 7
9315, 7
9320, 6
9325, 5
9330, 9
9335, 7
9340, 10
9345, 8
9350, 5
9355, 11
9360, 9
9365, 3
9370, 8
9375, 11
9380, 11
9385, 9
9390, 6
9395, 11
9400, 4
9405, 8
9410, 7
9415, 11
9420, 8
9425, 6
9430, 11
9435, 9
9440, 9
9445, 6
9450, 11
9455, 6
9460, 6
9465, 7
9470, 8
9475, 7
9480, 5
9485, 6
9490, 7
9495, 6
9500, 4
9505, 6
9510, 7
9515, 4
9520, 11
9525, 3
9530, 7
9535, 8
9540, 5
9545, 9
9550, 9
9555, 4
9560, 11
9565, 6
9570, 7
9575, 6
9580, 9
9585, 9
9590, 12
9595, 5
9600, 9
9605, 7
9610, 8
9615, 8
9620, 7
9625, 7
9630, 8
9635, 8
9640, 11
9645, 6
9650, 5
9655, 9
9660, 9
9665, 11
9670, 5
9675, 10
9680, 7
9685, 7
9690, 8
9695, 6
9700, 7
9705, 11
9710, 6
9715, 9
9720, 8
9725, 7
9730, 5
9735, 8
9740, 7
9745, 7
9750, 6
9755, 9
9760, 7
9765, 6
9770, 9
9775, 6
9780, 8
9785, 7
9790, 4
9795, 8
9800, 9
9805, 13
9810, 11
9815, 6
9820, 6
9825, 12
9830, 8
9835, 9
9840, 8
9845, 7
9850, 8
9855, 7
9860, 9
9865, 12
9870, 9
9875, 8
9880, 8
9885, 11
9890, 9
9895, 3
9900, 5
9905, 7
9910, 8
9915, 9
9920, 8
9925, 7
9930, 8
9935, 7
9940, 4
9945, 6
9950, 6
9955, 5
9960, 7
9965, 7
9970, 5
9975, 7
9980, 8
9985, 9
9990, 6
9995, 7
10000, 7
10005, 11
10010, 7
10015, 7
10020, 10
10025, 11
10030, 7
10035, 10
10040, 7
10045, 5
10050, 6
10055, 8
10060, 8
10065, 7
10070, 11
10075, 7
10080, 6
10085, 8
10090, 6
10095, 8
10100, 9
10105, 5
10110, 8
10115, 7
10120, 6
10125, 7
10130, 8
10135, 7
10140, 9
10145, 7
10150, 7
10155, 8
10160, 11
10165, 11
10170, 6
10175, 3
10180, 8
10185, 10
10190, 7
10195, 8
10200, 9
10205, 7
10210, 8
10215, 12
10220, 7
10225, 9
10230, 6
10235, 7
10240, 11
10245, 11
10250, 10
10255, 5
10260, 7
10265, 7
10270, 10
10275, 8
10280, 8
10285, 9
10290, 11
10295, 7
10300, 7
10305, 7
10310, 6
10315, 10
10320, 3
10325, 9
10330, 8
10335, 6
10340, 7
10345, 7
10350, 7
10355, 10
10360, 13
10365, 7
10370, 9
10375, 8
10380, 10
10385, 10
10390, 4
10395, 6
10400, 4
10405, 7
10410, 7
10415, 12
10420, 9
10425, 6
10430, 8
10435, 7
10440, 12
10445, 7
10450, 11
10455, 9
10460, 8
10465, 5
10470, 10
10475, 4
10480, 7
10485, 5
10490, 8
10495, 8
10500, 9
10505, 5
10510, 10
10515, 8
10520, 7
10525, 11
10530, 10
10535, 10
10540, 6
10545, 8
10550, 10
10555, 9
10560, 7
10565, 9
10570, 4
10575, 8
10580, 10
10585, 7
10590, 8
10595, 7
10600, 9
10605, 9
10610, 10
10615, 7
10620, 6
10625, 9
10630, 1
10635, 9
10640, 11
10645, 7
10650, 8
10655, 5
10660, 4
10665, 8
10670, 9
10675, 5
10680, 8
10685, 9
10690, 10
10695, 7
10700, 10
10705, 6
10710, 8
10715, 6
10720, 5
10725, 7
10730, 6
10735, 9
10740, 11
10745, 11
10750, 11
10755, 8
10760, 9
10765, 9
10770, 7
10775, 5
10780, 10
10785, 8
10790, 9
10795, 7
10800, 10
10805, 3
10810, 9
10815, 6
10820, 6
10825, 11
10830, 7
10835, 5
10840, 8
10845, 9
10850, 6
10855, 8
10860, 7
10865, 8
10870, 8
10875, 7
10880, 10
10885, 9
10890, 11
10895, 5
10900, 10
10905, 6
10910, 8
10915, 9
10920, 4
10925, 8
10930, 6
10935, 6
10940, 6
10945, 5
10950, 7
10955, 8
10960, 6
10965, 5
10970, 7
10975, 9
10980, 7
10985, 8
10990, 7
10995, 7
11000, 7
11005, 9
11010, 5
11015, 7
11020, 7
11025, 6
11030, 5
11035, 9
11040, 7
11045, 10
11050, 8
11055, 5
11060, 11
11065, 9
11070, 3
11075, 8
11080, 11
11085, 11
11090, 9
11095, 6
11100, 11
11105, 4
11110, 8
11115, 7
11120, 11
11125, 8
11130, 6
11135, 11
11140, 9
11145, 9
11150, 6
11155, 11
11160, 6
11165, 6
11170, 7
11175, 8
11180, 7
11185, 5
11190, 6
11195, 7
11200, 6
11205, 4
11210, 6
11215, 7
11220, 4
11225, 11
11230, 3
11235, 7
11240, 8
11245, 5
11250, 9
11255, 9
11260, 4
11265, 11
11270, 6
11275, 7
11280, 6
11285, 9
11290, 9
11295, 12
11300, 5
11305, 9
11310, 7
11315, 8
11320, 8
11325, 7
11330, 7
11335, 8
11340, 8
11345, 11
11350, 6
11355, 5
11360, 9
11365, 9
11370, 11
11375, 5
11380, 10
11385, 7
11390, 7
11395, 8
11400, 6
11405, 7
11410, 11
11415, 6
11420, 9
11425, 8
11430, 7
11435, 5
11440, 8
11445, 7
11450, 7
11455, 6
11460, 9
11465, 7
11470, 6
11475, 9
11480, 6
11485, 8
11490, 7
11495, 4
11500, 8
11505, 9
11510, 13
11515, 11
11520, 6
11525, 6
11530, 12
11535, 8
11540, 9
11545, 8
11550, 7
11555, 8
11560, 7
11565, 9
11570, 12
11575, 9
11580, 8
11585, 8
11590, 11
11595, 9
11600, 3
11605, 5
11610, 7
11615, 8
11620, 9
11625, 8
11630, 7
11635, 8
11640, 7
11645, 4
11650, 6
11655, 6
11660, 5
11665, 7
11670, 7
11675, 5
11680, 7
11685, 8
11690, 9
11695, 6
11700, 7
11705, 7
11710, 11
11715, 7
11720, 7
11725, 10
11730, 11
11735, 7
11740, 10
11745, 7
11750, 5
11755, 6
11760, 8
11765, 8
11770, 7
11775, 11
11780, 7
11785, 6
11790, 8
11795, 6
11800, 8
11805, 9
11810, 5
11815, 8
11820, 7
11825, 6
11830, 7
11835, 8
11840, 7
11845, 9
11850, 7
11855, 7
11860, 8
11865, 11
11870, 11
11875, 6
11880, 3
11885, 8
11890, 10
11895, 7
11900, 8
11905, 9
11910, 7
11915, 8
11920, 12
11925, 7
11930, 9
11935, 6
11940, 7
11945, 11
11950, 11
11955, 10
11960, 5
11965, 7
11970, 7
11975, 10
11980, 8
11985, 8
11990, 9
11995, 11
12000, 7
12005, 7
12010, 7
12015, 6
12020, 10
12025, 3
12030, 9
12035, 8
12040, 6
12045, 7
12050, 7
12055, 7
12060, 10
12065, 13
12070, 7
12075, 9
12080, 8
12085, 10
12090, 10
12095, 4
12100, 6
12105, 4
12110, 7
12115, 7
12120, 12
12125, 9
12130, 6
12135, 8
12140, 7
12145, 12
12150, 7
12155, 11
12160, 9
12165, 8
12170, 5
12175, 10
12180, 4
12185, 7
12190, 5
12195, 8
12200, 8
12205, 9
12210, 5
12215, 10
12220, 8
12225, 7
12230, 11
12235, 10
12240, 10
12245, 6
12250, 8
12255, 10
12260, 9
12265, 7
12270, 9
12275, 4
12280, 8
12285, 10
12290, 7
12295, 8
12300, 7
12305, 9
12310, 9
12315, 10
12320, 7
12325, 6
12330, 9
12335, 1
12340, 9
12345, 11
12350, 7
12355, 8
12360, 5
12365, 4
12370, 8
12375, 9
12380, 5
12385, 8
12390, 9
12395, 10
12400, 7
12405, 10
12410, 6
12415, 8
12420, 6
12425, 5
12430, 7
12435, 6
12440, 9
12445, 11
12450, 11
12455, 11
12460, 8
12465, 9
12470, 9
12475, 7
12480, 5
12485, 10
12490, 8
12495, 9
12500, 7
12505, 10
12510, 3
12515, 9
12520, 6
12525, 6
12530, 11
12535, 7
12540, 5
12545, 8
12550, 9
12555, 6
12560, 8
12565, 7
12570, 8
12575, 8
12580, 7
12585, 10
12590, 9
12595, 11
12600, 5
12605, 10
12610, 6
12615, 8
12620, 9
12625, 4
12630, 8
12635, 6
12640, 6
12645, 6
12650, 5
12655, 7
12660, 8
12665, 6
12670, 5
12675, 7
12680, 9
12685, 7
12690, 8
12695, 7
12700, 7
12705, 7
12710, 9
12715, 5
12720, 7
12725, 7
12730, 6
12735, 5
12740, 9
12745, 7
12750, 10
12755, 8
12760, 5
12765, 11
12770, 9
12775, 3
12780, 8
12785, 11
12790, 11
12795, 9
12800, 6
12805, 11
12810, 4
12815, 8
12820, 7
12825, 11
12830, 8
12835, 6
12840, 11
12845, 9
12850, 9
12855, 6
12860, 11
12865, 6
12870, 6
12875, 7
12880, 8
12885, 7
12890, 5
12895, 6
12900, 7
12905, 6
12910, 4
12915, 6
12920, 7
12925, 4
12930, 11
12935, 3
12940, 7
12945, 8
12950, 5
12955, 9
12960, 9
12965, 4
12970, 11
12975, 6
12980, 7
12985, 6
12990, 9
12995, 9
13000, 12
13005, 5
13010, 9
13015, 7
13020, 8
13025, 8
13030, 7
13035, 7
13040, 8
13045, 8
13050, 11
13055, 6
13060, 5
13065, 9
13070, 9
13075, 11
13080, 5
13085, 10
13090, 7
13095, 7
13100, 8
13105, 6
13110, 7
13115, 11
13120, 6
13125, 9
13130, 8
13135, 7
13140, 5
13145, 8
13150, 7
13155, 7
13160, 6
13165, 9
13170, 7
13175, 6
13180, 9
13185, 6
13190, 8
13195, 7
13200, 4
13205, 8
13210, 9
13215, 13
13220, 11
13225, 6
13230, 6
13235, 12
13240, 8
13245, 9
13250, 8
13255, 7
13260, 8
13265, 7
13270, 9
13275, 12
13280, 9
13285, 8
13290, 8
13295, 11
13300, 9
13305, 3
13310, 5
13315, 7
13320, 8
13325, 9
13330, 8
13335, 7
13340, 8
13345, 7
13350, 4
13355, 6
13360, 6
13365, 5
13370, 7
13375, 7
13380, 5
13385, 7
13390, 8
13395, 9
13400, 6
13405, 7
13410, 7
13415, 11
13420, 7
13425, 7
13430, 10
13435, 11
13440, 7
13445, 10
13450, 7
13455, 5
13460, 6
13465, 8
13470, 8
13475, 7
13480, 11
13485, 7
13490, 6
13495, 8
13500, 6
13505, 8
13510, 9
13515, 5
13520, 8
13525, 7
13530, 6
13535, 7
13540, 8
13545, 7
13550, 9
13555, 7
13560, 7
13565, 8
13570, 11
13575, 11
13580, 6
13585, 3
13590, 8
13595, 10
13600, 7
13605, 8
13610, 9
13615, 7
13620, 8
13625, 12
13630, 7
13635, 9
13640, 6
13645, 7
13650, 11
13655, 11
13660, 10
13665, 5
13670, 7
13675, 7
13680, 10
13685, 8
13690, 8
13695, 9
13700, 11
13705, 7
13710, 7
13715, 7
13720, 6
13725, 10
13730, 3
13735, 9
13740, 8
13745, 6
13750, 7
13755, 7
13760, 7
13765, 10
13770, 13
13775, 7
13780, 9
13785, 8
13790, 10
13795, 10
13800, 4
13805, 6
13810, 4
13815, 7
13820, 7
13825, 12
13830, 9
13835, 6
13840, 8
13845, 7
13850, 12
13855, 7
13860, 11
13865, 9
13870, 8
13875, 5
13880, 10
13885, 4
13890, 7
13895, 5
13900, 8
13905, 8
13910, 9
13915, 5
13920, 10
13925, 8
13930, 7
13935, 11
13940, 10
13945, 10
13950, 6
13955, 8
13960, 10
13965, 9
13970, 7
13975, 9
13980, 4
13985, 8
13990, 10
13995, 7
14000, 8
14005, 7
14010, 9
14015, 9
14020, 10
14025, 7
14030, 6
14035, 9
14040, 1
14045, 9
14050, 11
14055, 7
14060, 8
14065, 5
14070, 4
14075, 8
14080, 9
14085, 5
14090, 8
14095, 9
14100, 10
14105, 7
14110, 10
14115, 6
14120, 8
14125, 6
14130, 5
14135, 7
14140, 6
14145, 9
14150, 11
14155, 11
14160, 11
14165, 8
14170, 9
14175, 9
14180, 7
14185, 5
14190, 10
14195, 8
14200, 9
14205, 7
14210, 10
14215, 3
14220, 9
14225, 6
14230, 6
14235, 11
14240, 7
14245, 5
14250, 8
14255, 9
14260, 6
14265, 8
14270, 7
14275, 8
14280, 8
14285, 7
14290, 10
14295, 9
14300, 11
14305, 5
14310, 10
14315, 6
14320, 8
14325, 9
14330, 4
14335, 8
14340, 6
14345, 6
14350, 6
14355, 5
14360, 7
14365, 8
14370, 6
14375, 5
14380, 7
14385, 9
14390, 7
14395, 8
14400, 7
14405, 7
14410, 7
14415, 9
14420, 5
14425, 7
14430, 7
14435, 6
14440, 5
14445, 9
14450, 7
14455, 10
14460, 8
14465, 5
14470, 11
14475, 9
14480, 3
14485, 8
14490, 11
14495, 11
14500, 9
14505, 6
14510, 11
14515, 4
14520, 8
14525, 7
14530, 11
14535, 8
14540, 6
14545, 11
14550, 9
14555, 9
14560, 6
14565, 11
14570, 6
14575, 6
14580, 7
14585, 8
14590, 7
14595, 5
14600, 6
14605, 7
14610, 6
14615, 4
14620, 6
14625, 7
14630, 4
14635, 11
14640, 3
14645, 7
14650, 8
14655, 5
14660, 9
14665, 9
14670, 4
14675, 11
14680, 6
14685, 7
14690, 6
14695, 9
14700, 9
14705, 12
14710, 5
14715, 9
14720, 7
14725, 8
14730, 8
14735, 7
14740, 7
14745, 8
14750, 8
14755, 11
14760, 6
14765, 5
14770, 9
14775, 9
14780, 11
14785, 5
14790, 10
14795, 7
14800, 7
14805, 8
14810, 6
14815, 7
14820, 11
14825, 6
14830, 9
14835, 8
14840, 7
14845, 5
14850, 8
14855, 7
14860, 7
14865, 6
14870, 9
14875, 7
14880, 6
14885, 9
14890, 6
14895, 8
14900, 7
14905, 4
14910, 8
14915, 9
14920, 13
14925, 11
14930, 6
14935, 6
14940, 12
14945, 8
14950, 9
14955, 8
14960, 7
14965, 8
14970, 7
14975, 9
14980, 12
14985, 9
14990, 8
14995, 8
15000, 11
SEARCHING FOR REPEATED
DIFF SIZE: 3000
LENGTH: 341
START POS: 123
BEGIN SUM: 929
REPEATED NUM: 2932551319
REPEATED SUM: 2618
TOTAL REPEATED SUM: 7677419353142
END LENGTH: 99
END SUM: 734
TOTAL: 7677419354805
23007
Part 2: 111
